,Outdoor PC(0.1),Outdoor PC(0.3),Outdoor PC(0.5),Outdoor PC(1.0),Outdoor PC(2.5),Outdoor PC(5.0),Outdoor PC(10.0),Outdoor PM(0.1),Outdoor PM(0.3),Outdoor PM(0.5),Outdoor PM(1.0),Outdoor PM(2.5),Outdoor PM(5.0),Outdoor PM(10.0),Outdoor Pressure,Outdoor Temperature,Outdoor Humidity,Outdoor Dew Point,Outdoor Wind Direction,Outdoor Wind Speed,410nm,435nm,460nm,485nm,510nm,535nm,560nm,585nm,610nm,645nm,680nm,705nm,730nm,760nm,810nm,860nm,900nm,940nm,SolarZenithAngle
Outdoor PC(0.1),1.0,0.9956578165709307,0.9489419281556751,0.8740792732151337,0.633147724471336,0.43311628120953527,0.020879339614329636,0.9999999999999524,0.9963614121488893,0.9707217368863211,0.9495409494208131,0.9197212892112907,0.9051589160359794,0.9047611872146913,-0.20967486848693948,0.17562506801747585,0.28273411734320736,0.32272203046657194,-0.24332254694395056,-0.002348534270140161,0.002872807490053337,0.008721612349656798,0.008923524575474573,0.008721611165322165,0.008960216575430514,0.009146050222739985,0.00896021950601162,0.021043014795026266,0.008721609893695779,0.0009918134031121331,0.0028183118244180802,0.009170597244406739,0.008721611727097395,0.008721612335580923,0.008721612524357727,0.008938899360877241,0.008721615480113765,0.008721615529979607,-0.019250645977280347
Outdoor PC(0.3),0.9956578165709307,1.0,0.9687445822710412,0.9033882502688428,0.676621807167478,0.4758457047186391,0.03519409982662413,0.9956578165957117,0.9999688626475416,0.9855305628736789,0.9693494838057137,0.9442857908143792,0.9312682094878081,0.9308987887242757,-0.20717682630408843,0.15631843282941052,0.2751383087978677,0.29833444800445214,-0.2215166253191206,0.007363008257895435,0.0019508722240529953,0.0026558376228671093,0.0028602663016327693,0.0026558365866964618,0.002896331728967309,0.0010802947649997516,0.0028963350410786196,0.013927499227433297,0.002655835306768753,-0.003475557978002692,-0.0046236597074337145,0.001104573752389019,0.0026558373036370056,0.002655837596075628,0.0026558378997787874,0.002886614226550535,0.0026558413519776345,0.0026558415723679694,-0.013111771499173948
Outdoor PC(0.5),0.9489419281556751,0.9687445822710412,1.0,0.9618610433881606,0.7804612179673617,0.5846738616991838,0.06530397109221082,0.9489419282975086,0.9673922892707054,0.9967705889641298,0.996455498372762,0.9857877723342335,0.9777669023726905,0.9774800409400384,-0.18748142529990972,0.10667101498403947,0.2706554482532672,0.24323656263871832,-0.17370973245016968,0.014617002130180108,-0.0002886098616273718,-0.00894969363493331,-0.008836370495665605,-0.00894969449557006,-0.008803272862781607,-0.013733712466362655,-0.008803269180876728,0.0013133126010148983,-0.008949695561963596,-0.010301699463490629,-0.017290605424918594,-0.01371069913773265,-0.008949693486814667,-0.008949693730844662,-0.008949693298698463,-0.008796781293682086,-0.00894968932493538,-0.008949688847728357,-0.0013154007350102614
Outdoor PC(1.0),0.8740792732151337,0.9033882502688428,0.9618610433881606,1.0,0.9102690687357142,0.765530914478381,0.2303668256365963,0.8740792733933869,0.9012080595489133,0.949468917011768,0.9770863490112891,0.9924028877791427,0.9955476198236953,0.9955950637153155,-0.21429468566431897,0.12526282798971577,0.22935538806213332,0.23849215684446812,-0.15911580218903595,0.04403066913606288,-0.0008339827996975273,-0.012948902841421448,-0.01272764062148175,-0.012948903661922397,-0.012697999882191884,-0.01839769135276511,-0.012697996122488207,-0.005675059968933359,-0.012948904582069619,-0.014633747964959603,-0.02090559748391352,-0.01837671171619747,-0.01294890254275722,-0.012948902932763988,-0.01294890254198004,-0.012691945483706966,-0.012948898268718166,-0.012948897706614806,-0.007434687593999577
Outdoor PC(2.5),0.633147724471336,0.676621807167478,0.7804612179673617,0.9102690687357142,1.0,0.957287338441068,0.44800947832463217,0.6331477246894697,0.6731643928046356,0.7519914081750053,0.8132688434258609,0.8691035908365985,0.8899311353397121,0.8905160348891401,-0.193382750768663,0.11136767451918682,0.12934457022226495,0.1682756919054299,-0.09963656202180692,0.0632828436787159,-0.001161510957464871,-0.013290349893969561,-0.013154972625782892,-0.013290350466082294,-0.013134724446782153,-0.01816302226464463,-0.013134721236197466,-0.011788596431061555,-0.013290351285197073,-0.01532980101781778,-0.020055283831129044,-0.018148308173062847,-0.01329034943215006,-0.01329034987934556,-0.013290349572126704,-0.013120612953794157,-0.013290345417688235,-0.013290344803519762,-0.00748413574716277
Outdoor PC(5.0),0.43311628120953527,0.4758457047186391,0.5846738616991838,0.765530914478381,0.957287338441068,1.0,0.6091021984200699,0.4331162814321869,0.4723837632763823,0.5532291724794818,0.630251217237906,0.7059384428886393,0.7368951400903054,0.737854640195801,-0.16424858367320155,0.09693535531616006,0.053835140997478,0.11290700654297511,-0.0608943826847922,0.061620489380013126,-0.0010868513128726982,-0.010041688423954887,-0.010062104287697578,-0.010041688816310347,-0.010046429289723562,-0.013891583510897015,-0.010046426883498986,-0.011461237541666745,-0.010041689499975618,-0.01281919373572869,-0.015523959287080611,-0.01388019119225112,-0.010041688011037681,-0.010041688370395076,-0.010041688156088167,-0.010043031409847018,-0.010041684657603566,-0.010041684121971834,-0.013829575958498897
Outdoor PC(10.0),0.020879339614329636,0.03519409982662413,0.06530397109221082,0.2303668256365963,0.44800947832463217,0.6091021984200699,1.0,0.020879339797458478,0.033992460062524,0.05584105601336624,0.11462859976580654,0.17709508012365233,0.20745261137523505,0.20871198511107755,-0.036166679528401774,0.0022579923639084723,-0.031328473942158326,-0.0214845643871825,0.015382742537371269,0.012831466306002279,-5.783770561564654e-05,-0.0005082099345702911,-0.0005111535533859175,-0.0005082099355295955,-0.0005104617548019414,-0.000700877232170259,-0.0005104617506900931,-0.0010648189944981593,-0.0005082100387088606,-0.0008444984058039201,-0.0008277986573297442,-0.000700371303751768,-0.0005082098881765136,-0.0005082099070906615,-0.0005082098685061929,-0.0005099447657476784,-0.0005082095442311902,-0.0005082095136300854,-0.00988856319201229
Outdoor PM(0.1),0.9999999999999524,0.9956578165957117,0.9489419282975086,0.8740792733933869,0.6331477246894697,0.4331162814321869,0.020879339797458478,1.0,0.99636141217162,0.9707217369913245,0.949540949551466,0.9197212893611376,0.9051589161934086,0.9047611873721133,-0.2096748679611558,0.17562506753242066,0.2827341175327581,0.3227220300659398,-0.24332254644372006,-0.002348534189782349,0.002872807448903074,0.00872161256548824,0.008923524681238101,0.008721611381154001,0.008960216690834629,0.009146050070718233,0.008960219621415726,0.021043014549348017,0.008721610109527237,0.0009918133396699931,0.002818311962393992,0.009170597099208444,0.008721611942928647,0.008721612551413042,0.008721612740189824,0.008938899476459239,0.008721615695945453,0.0087216157458109,-0.019250645872993882
Outdoor PM(0.3),0.9963614121488893,0.9999688626475416,0.9673922892707054,0.9012080595489133,0.6731643928046356,0.4723837632763823,0.033992460062524,0.99636141217162,1.0,0.9846072657228598,0.9679968962149972,0.9425215822365932,0.9293686585347083,0.9289967135443937,-0.20745840177260566,0.15800777911137012,0.2758749357862272,0.30050237303996535,-0.22343981132996263,0.0065422164586694,0.002029685386345248,0.003170943203263466,0.003375227565271883,0.0031709421541835535,0.0034113582459878947,0.0017644134895858042,0.0034113615268719817,0.014535394067142741,0.0031709408745281605,-0.00309801728191926,-0.003994342827600005,0.0017887233691710367,0.0031709428582116085,0.0031709431775408963,0.00317094347160391,0.003400654194175376,0.003170946882880906,0.003170947088889738,-0.013636597476211898
Outdoor PM(0.5),0.9707217368863211,0.9855305628736789,0.9967705889641298,0.949468917011768,0.7519914081750053,0.5532291724794818,0.05584105601336624,0.9707217369913245,0.9846072657228598,1.0,0.9945163421952752,0.979078119493943,0.9693731426968266,0.9690572667905707,-0.19514775883272376,0.12370533946304149,0.2742342591680104,0.26312145809371185,-0.1907112240272284,0.012160841992933949,0.0004443409402095762,-0.005170534703219021,-0.0050275668781884315,-0.00517053562971862,-0.004993272415623197,-0.00891774652300658,-0.0049932688346862285,0.005514635707476426,-0.005170536771306219,-0.008091044079578731,-0.013198012877048729,-0.008894158580187222,-0.005170534710404369,-0.005170534777559346,-0.005170534386119752,-0.0049921865449392075,-0.005170530562441618,-0.005170530167823915,-0.005231117983709951
Outdoor PM(1.0),0.9495409494208131,0.9693494838057137,0.996455498372762,0.9770863490112891,0.8132688434258609,0.630251217237906,0.11462859976580654,0.949540949551466,0.9679968962149972,0.9945163421952752,1.0,0.9946342541377994,0.9891007265008404,0.9889023256077395,-0.2037433386234722,0.12562886811434704,0.26239379645904837,0.2579022074574735,-0.18234870564591724,0.022918165044447995,2.343173560096119e-05,-0.00782106459302888,-0.007650384893982556,-0.007821065494728673,-0.007617251688556062,-0.012177795560036633,-0.007617248007394995,0.0018487423362524029,-0.007821066575492629,-0.010362991832626876,-0.0159160903518456,-0.012154808886408972,-0.00782106449838491,-0.007821064673878868,-0.007821064278213804,-0.007614497824922448,-0.007821060261316206,-0.007821059806410555,-0.006024802332976611
Outdoor PM(2.5),0.9197212892112907,0.9442857908143792,0.9857877723342335,0.9924028877791427,0.8691035908365985,0.7059384428886393,0.17709508012365233,0.9197212893611376,0.9425215822365932,0.979078119493943,0.9946342541377994,1.0,0.9989993829727478,0.9989347305918718,-0.20757135420061534,0.12660406190910292,0.24604527203459003,0.24916216926821536,-0.1727386982148099,0.030726017626528844,-0.00018627077479791722,-0.009011094606688993,-0.008841910751877707,-0.009011095475062443,-0.00881014763732351,-0.013580256675142618,-0.00881014393724717,-0.0005227213122316237,-0.009011096539539755,-0.011532895510594613,-0.017093336138129807,-0.013558101698587979,-0.009011094444296706,-0.009011094672922316,-0.009011094281945024,-0.008805304699827715,-0.009011090128625186,-0.009011089632734367,-0.0064606395033880186
Outdoor PM(5.0),0.9051589160359794,0.9312682094878081,0.9777669023726905,0.9955476198236953,0.8899311353397121,0.7368951400903054,0.20745261137523505,0.9051589161934086,0.9293686585347083,0.9693731426968266,0.9891007265008404,0.9989993829727478,1.0,0.9999987806519233,-0.2086380918492819,0.1272336100006857,0.2383626437330534,0.24529497028826025,-0.16898303643353224,0.03324281227695601,-0.00024924488386057585,-0.009263448328393913,-0.009103202884204265,-0.00926344918343197,-0.009071935692168144,-0.01387044236027118,-0.009071932008195902,-0.001231201468899313,-0.009263450241897309,-0.011827408675127367,-0.017303868646932546,-0.013848599971447915,-0.009263448147576809,-0.009263448388568523,-0.009263448002073339,-0.009067127067048214,-0.009263443815644187,-0.009263443308306503,-0.007136878871906921
Outdoor PM(10.0),0.9047611872146913,0.9308987887242757,0.9774800409400384,0.9955950637153155,0.8905160348891401,0.737854640195801,0.20871198511107755,0.9047611873721133,0.9289967135443937,0.9690572667905707,0.9889023256077395,0.9989347305918718,0.9999987806519233,1.0,-0.20864008789787594,0.12718804558363445,0.2381326250297079,0.24511134209389848,-0.16885498365149026,0.03326776704634459,-0.0002494332339799475,-0.009261124863674386,-0.009100986271200843,-0.009261125718258406,-0.009069732736086272,-0.013866622084299054,-0.009069729053765649,-0.0012364857386018145,-0.009261126776658631,-0.011825539558915257,-0.017298838179471143,-0.013844789107029137,-0.009261124682709128,-0.009261124923675323,-0.00926112453727726,-0.009064923878928148,-0.00926112035142105,-0.0092611198441054,-0.007163863517741251
Outdoor Pressure,-0.20967486848693948,-0.20717682630408843,-0.18748142529990972,-0.21429468566431897,-0.193382750768663,-0.16424858367320155,-0.036166679528401774,-0.2096748679611558,-0.20745840177260566,-0.19514775883272376,-0.2037433386234722,-0.20757135420061534,-0.2086380918492819,-0.20864008789787594,1.0,-0.4728255971379594,-0.2369652717155374,-0.5877815493523811,0.29558397281094473,-0.1687311663251072,-0.00013912863249026136,-0.01126210586917708,-0.011332197263945897,-0.011262105817283114,-0.011267713891419338,-0.01633454771379896,-0.011267706408567202,-0.061068928459232744,-0.011262110876102462,-0.04875751032708159,-0.022626557136443588,-0.01628802862525191,-0.011262105284424579,-0.011262106877640876,-0.01126210554163887,-0.011256973547123973,-0.011262094071484176,-0.011262090848013573,0.16384307335979134
Outdoor Temperature,0.17562506801747585,0.15631843282941052,0.10667101498403947,0.12526282798971577,0.11136767451918682,0.09693535531616006,0.0022579923639084723,0.17562506753242066,0.15800777911137012,0.12370533946304149,0.12562886811434704,0.12660406190910292,0.1272336100006857,0.12718804558363445,-0.4728255971379594,1.0,-0.27283698505870285,0.8671557695651917,-0.5099990266024964,0.023854445900401568,0.007733272325901694,0.04235875415514971,0.04279342071480982,0.042358752903923755,0.042750991476489565,0.05428224908880449,0.04275099033152589,0.05489096229447741,0.042358752441096714,0.0396255421839828,0.05401156189960742,0.0542480475654574,0.04235875230438796,0.04235875468718565,0.04235875393832786,0.04265470845714347,0.04235875310601698,0.04235875224037421,0.003307003407711962
Outdoor Humidity,0.28273411734320736,0.2751383087978677,0.2706554482532672,0.22935538806213332,0.12934457022226495,0.053835140997478,-0.031328473942158326,0.2827341175327581,0.2758749357862272,0.2742342591680104,0.26239379645904837,0.24604527203459003,0.2383626437330534,0.2381326250297079,-0.2369652717155374,-0.27283698505870285,1.0,0.23445156736537498,-0.06573679659617639,-0.04705135496902155,-0.005624268675347678,-0.025808761129032597,-0.026065873848669305,-0.0258087604223426,-0.026046218912845556,-0.02403383696728396,-0.026046218387867533,-0.008754065645805786,-0.02580875746908079,-0.009398128318581903,-0.025788343874448463,-0.024011040885607727,-0.025808760113238547,-0.025808759836652748,-0.025808760717098055,-0.025989226770764245,-0.025808763112839056,-0.025808764089265787,-0.24455589476202327
Outdoor Dew Point,0.32272203046657194,0.29833444800445214,0.24323656263871832,0.23849215684446812,0.1682756919054299,0.11290700654297511,-0.0214845643871825,0.3227220300659398,0.30050237303996535,0.26312145809371185,0.2579022074574735,0.24916216926821536,0.24529497028826025,0.24511134209389848,-0.5877815493523811,0.8671557695651917,0.23445156736537498,1.0,-0.551468600308681,-0.002487309501023923,0.004603449478663309,0.029417581316654343,0.02972708169469515,0.029417580313959257,0.029687135029839648,0.04371136700514636,0.029687133829500258,0.05463746949482991,0.02941758134622796,0.03759706822706634,0.043031644529786674,0.0436842736626459,0.029417579760849372,0.029417582402463,0.029417581173044348,0.02962130308740863,0.02941757869551044,0.029417577225744725,-0.13947893063039157
Outdoor Wind Direction,-0.24332254694395056,-0.2215166253191206,-0.17370973245016968,-0.15911580218903595,-0.09963656202180692,-0.0608943826847922,0.015382742537371269,-0.24332254644372006,-0.22343981132996263,-0.1907112240272284,-0.18234870564591724,-0.1727386982148099,-0.16898303643353224,-0.16885498365149026,0.29558397281094473,-0.5099990266024964,-0.06573679659617639,-0.551468600308681,1.0,-0.09110946788458421,-0.003421239114761231,-0.04299600051907802,-0.04318659816638011,-0.042995998086647565,-0.04314321448998256,-0.05803950828149398,-0.04314321387231777,-0.06048512163268485,-0.04299599832442841,-0.0406857209867706,-0.0657614069087416,-0.0580069198739031,-0.042995997868848175,-0.04299600029325168,-0.04299599976413894,-0.04309639204969258,-0.04299599683226371,-0.0429959952849418,0.0904636206843635
Outdoor Wind Speed,-0.002348534270140161,0.007363008257895435,0.014617002130180108,0.04403066913606288,0.0632828436787159,0.061620489380013126,0.012831466306002279,-0.002348534189782349,0.0065422164586694,0.012160841992933949,0.022918165044447995,0.030726017626528844,0.03324281227695601,0.03326776704634459,-0.1687311663251072,0.023854445900401568,-0.04705135496902155,-0.002487309501023923,-0.09110946788458421,1.0,-0.0036482571492984753,-0.011139447781477272,-0.010969496916498744,-0.011139447375594344,-0.011076617626093738,-0.018656032124000417,-0.011076617139582738,0.016374285482126705,-0.011139445549767724,0.014330635475443554,-0.019586933841987727,-0.01873679495090338,-0.011139446986138167,-0.011139447059418297,-0.011139447234205294,-0.011042096346698466,-0.011139448476030534,-0.01113944892534949,0.16837070965083398
410nm,0.002872807490053337,0.0019508722240529953,-0.0002886098616273718,-0.0008339827996975273,-0.001161510957464871,-0.0010868513128726982,-5.783770561564654e-05,0.002872807448903074,0.002029685386345248,0.0004443409402095762,2.343173560096119e-05,-0.00018627077479791722,-0.00024924488386057585,-0.0002494332339799475,-0.00013912863249026136,0.007733272325901694,-0.005624268675347678,0.004603449478663309,-0.003421239114761231,-0.0036482571492984753,1.0,0.1138279313130451,0.11318644469444232,0.11382793131305065,0.11333990717777256,0.08254020648606288,0.11333990717813915,0.0544187965753547,0.11382793131316085,0.06865008786074257,0.0698857970091789,0.08259984262721629,0.11382793131297902,0.11382793131302009,0.11382793131298213,0.11344050569603395,0.11382793131251073,0.11382793131241908,0.004396713255631894
435nm,0.008721612349656798,0.0026558376228671093,-0.00894969363493331,-0.012948902841421448,-0.013290349893969561,-0.010041688423954887,-0.0005082099345702911,0.00872161256548824,0.003170943203263466,-0.005170534703219021,-0.00782106459302888,-0.009011094606688993,-0.009263448328393913,-0.009261124863674386,-0.01126210586917708,0.04235875415514971,-0.025808761129032597,0.029417581316654343,-0.04299600051907802,-0.011139447781477272,0.1138279313130451,1.0,0.9943642657183934,1.0000000000000204,0.9957124918250507,0.7251264930609599,0.9957124918314776,0.47806592042952234,0.9999999999999937,0.6030950253280559,0.6139519586347728,0.7256504257172705,0.9999999999999751,1.0000000000000382,1.0000000000000644,0.9965962935587711,0.9999999999999659,0.9999999999999779,-0.033139001052294594
460nm,0.008923524575474573,0.0028602663016327693,-0.008836370495665605,-0.01272764062148175,-0.013154972625782892,-0.010062104287697578,-0.0005111535533859175,0.008923524681238101,0.003375227565271883,-0.0050275668781884315,-0.007650384893982556,-0.008841910751877707,-0.009103202884204265,-0.009100986271200843,-0.011332197263945897,0.04279342071480982,-0.026065873848669305,0.02972708169469515,-0.04318659816638011,-0.010969496916498744,0.11318644469444232,0.9943642657183934,1.0,0.9943642653965745,0.9986459679014857,0.7293284352440785,0.9986459677449503,0.48083623830042366,0.9943642654309485,0.6065129670056622,0.6175097123626582,0.7278774926497587,0.994364265078874,0.9943642654055906,0.9943642654468424,0.9977603491943089,0.9943642642610859,0.9943642639583458,-0.032618330408904994
485nm,0.008721611165322165,0.0026558365866964618,-0.00894969449557006,-0.012948903661922397,-0.013290350466082294,-0.010041688816310347,-0.0005082099355295955,0.008721611381154001,0.0031709421541835535,-0.00517053562971862,-0.007821065494728673,-0.009011095475062443,-0.00926344918343197,-0.009261125718258406,-0.011262105817283114,0.042358752903923755,-0.0258087604223426,0.029417580313959257,-0.042995998086647565,-0.011139447375594344,0.11382793131305065,1.0000000000000204,0.9943642653965745,1.0,0.9957124915454165,0.7251264729217304,0.9957124915518751,0.47806591490034667,1.000000000000018,0.6030950358058762,0.6139519353835797,0.7256504055946726,0.9999999999999906,1.000000000000018,1.0000000000000315,0.9965962932890654,0.9999999999999636,0.9999999999999348,-0.03313899988426234
510nm,0.008960216575430514,0.002896331728967309,-0.008803272862781607,-0.012697999882191884,-0.013134724446782153,-0.010046429289723562,-0.0005104617548019414,0.008960216690834629,0.0034113582459878947,-0.004993272415623197,-0.007617251688556062,-0.00881014763732351,-0.009071935692168144,-0.009069732736086272,-0.011267713891419338,0.042750991476489565,-0.026046218912845556,0.029687135029839648,-0.04314321448998256,-0.011076617626093738,0.11333990717777256,0.9957124918250507,0.9986459679014857,0.9957124915454165,1.0,0.7283410950163677,0.999999999999971,0.4801852725053889,0.9957124915715552,0.6056917125000413,0.6166737086503861,0.7288673503430034,0.9957124912550425,0.9957124915009469,0.9957124916320251,0.9991131798746282,0.9957124906268046,0.9957124903727101,-0.032730815505618106
535nm,0.009146050222739985,0.0010802947649997516,-0.013733712466362655,-0.01839769135276511,-0.01816302226464463,-0.013891583510897015,-0.000700877232170259,0.009146050070718233,0.0017644134895858042,-0.00891774652300658,-0.012177795560036633,-0.013580256675142618,-0.01387044236027118,-0.013866622084299054,-0.01633454771379896,0.05428224908880449,-0.02403383696728396,0.04371136700514636,-0.05803950828149398,-0.018656032124000417,0.08254020648606288,0.7251264930609599,0.7293284352440785,0.7251264729217304,0.7283410950163677,1.0,0.7283410623750881,0.6592860905949778,0.7251264741279344,0.44118731028610475,0.8466825094872511,0.9992779816185918,0.7251264608909591,0.7251264965880884,0.7251264806418628,0.7276030821372456,0.7251264408543049,0.7251264260944447,-0.050511696096976255
560nm,0.00896021950601162,0.0028963350410786196,-0.008803269180876728,-0.012697996122488207,-0.013134721236197466,-0.010046426883498986,-0.0005104617506900931,0.008960219621415726,0.0034113615268719817,-0.0049932688346862285,-0.007617248007394995,-0.00881014393724717,-0.009071932008195902,-0.009069729053765649,-0.011267706408567202,0.04275099033152589,-0.026046218387867533,0.029687133829500258,-0.04314321387231777,-0.011076617139582738,0.11333990717813915,0.9957124918314776,0.9986459677449503,0.9957124915518751,0.999999999999971,0.7283410623750881,1.0,0.4801852006288327,0.9957124915778889,0.6056916707126733,0.6166736571230934,0.7288673177925943,0.9957124912613806,0.9957124915073623,0.9957124916383816,0.9991131798810275,0.9957124906332575,0.9957124903791836,-0.03273080775504612
585nm,0.021043014795026266,0.013927499227433297,0.0013133126010148983,-0.005675059968933359,-0.011788596431061555,-0.011461237541666745,-0.0010648189944981593,0.021043014549348017,0.014535394067142741,0.005514635707476426,0.0018487423362524029,-0.0005227213122316237,-0.001231201468899313,-0.0012364857386018145,-0.061068928459232744,0.05489096229447741,-0.008754065645805786,0.05463746949482991,-0.06048512163268485,0.016374285482126705,0.0544187965753547,0.47806592042952234,0.48083623830042366,0.47806591490034667,0.4801852725053889,0.6592860905949778,0.4801852006288327,1.0,0.47806593762010235,0.7927198094842308,0.5572730823280855,0.6588100237182006,0.47806589378482667,0.47806592082715643,0.4780659075502632,0.479698715347508,0.4780658024139458,0.4780657799238102,-0.05798753611270578
610nm,0.008721609893695779,0.002655835306768753,-0.008949695561963596,-0.012948904582069619,-0.013290351285197073,-0.010041689499975618,-0.0005082100387088606,0.008721610109527237,0.0031709408745281605,-0.005170536771306219,-0.007821066575492629,-0.009011096539539755,-0.009263450241897309,-0.009261126776658631,-0.011262110876102462,0.042358752441096714,-0.02580875746908079,0.02941758134622796,-0.04299599832442841,-0.011139445549767724,0.11382793131316085,0.9999999999999937,0.9943642654309485,1.000000000000018,0.9957124915715552,0.7251264741279344,0.9957124915778889,0.47806593762010235,1.0,0.6030950614340065,0.6139519461823829,0.7256504067956084,1.000000000000001,1.0000000000000056,1.000000000000004,0.9965962933255935,0.9999999999999446,0.999999999999904,-0.033139001727161034
645nm,0.0009918134031121331,-0.003475557978002692,-0.010301699463490629,-0.014633747964959603,-0.01532980101781778,-0.01281919373572869,-0.0008444984058039201,0.0009918133396699931,-0.00309801728191926,-0.008091044079578731,-0.010362991832626876,-0.011532895510594613,-0.011827408675127367,-0.011825539558915257,-0.04875751032708159,0.0396255421839828,-0.009398128318581903,0.03759706822706634,-0.0406857209867706,0.014330635475443554,0.06865008786074257,0.6030950253280559,0.6065129670056622,0.6030950358058762,0.6056917125000413,0.44118731028610475,0.6056916707126733,0.7927198094842308,0.6030950614340065,1.0,0.37271707854325387,0.440306422921572,0.6030950260461003,0.6030950280074764,0.6030950245387104,0.6051548047641936,0.6030949513832748,0.6030949393528776,-0.02943645199612995
680nm,0.0028183118244180802,-0.0046236597074337145,-0.017290605424918594,-0.02090559748391352,-0.020055283831129044,-0.015523959287080611,-0.0008277986573297442,0.002818311962393992,-0.003994342827600005,-0.013198012877048729,-0.0159160903518456,-0.017093336138129807,-0.017303868646932546,-0.017298838179471143,-0.022626557136443588,0.05401156189960742,-0.025788343874448463,0.043031644529786674,-0.0657614069087416,-0.019586933841987727,0.0698857970091789,0.6139519586347728,0.6175097123626582,0.6139519353835797,0.6166737086503861,0.8466825094872511,0.6166736571230934,0.5572730823280855,0.6139519461823829,0.37271707854325387,1.0,0.846071165698725,0.6139519286385616,0.6139519639336569,0.6139519461761771,0.616048859386695,0.6139518828650744,0.6139518631074394,-0.05905603502367346
705nm,0.009170597244406739,0.001104573752389019,-0.01371069913773265,-0.01837671171619747,-0.018148308173062847,-0.01388019119225112,-0.000700371303751768,0.009170597099208444,0.0017887233691710367,-0.008894158580187222,-0.012154808886408972,-0.013558101698587979,-0.013848599971447915,-0.013844789107029137,-0.01628802862525191,0.0542480475654574,-0.024011040885607727,0.0436842736626459,-0.0580069198739031,-0.01873679495090338,0.08259984262721629,0.7256504257172705,0.7278774926497587,0.7256504055946726,0.7288673503430034,0.9992779816185918,0.7288673177925943,0.6588100237182006,0.7256504067956084,0.440306422921572,0.846071165698725,1.0,0.7256503935754139,0.725650429239026,0.7256504133467531,0.7281288041795978,0.7256503736636387,0.7256503589290066,-0.050597888682535494
730nm,0.008721611727097395,0.0026558373036370056,-0.008949693486814667,-0.01294890254275722,-0.01329034943215006,-0.010041688011037681,-0.0005082098881765136,0.008721611942928647,0.0031709428582116085,-0.005170534710404369,-0.00782106449838491,-0.009011094444296706,-0.009263448147576809,-0.009261124682709128,-0.011262105284424579,0.04235875230438796,-0.025808760113238547,0.029417579760849372,-0.042995997868848175,-0.011139446986138167,0.11382793131297902,0.9999999999999751,0.994364265078874,0.9999999999999906,0.9957124912550425,0.7251264608909591,0.9957124912613806,0.47806589378482667,1.000000000000001,0.6030950260461003,0.6139519286385616,0.7256503935754139,1.0,1.0000000000000362,1.0000000000000357,0.9965962930927531,0.9999999999999744,0.9999999999999349,-0.03313899770670779
760nm,0.008721612335580923,0.002655837596075628,-0.008949693730844662,-0.012948902932763988,-0.01329034987934556,-0.010041688370395076,-0.0005082099070906615,0.008721612551413042,0.0031709431775408963,-0.005170534777559346,-0.007821064673878868,-0.009011094672922316,-0.009263448388568523,-0.009261124923675323,-0.011262106877640876,0.04235875468718565,-0.025808759836652748,0.029417582402463,-0.04299600029325168,-0.011139447059418297,0.11382793131302009,1.0000000000000382,0.9943642654055906,1.000000000000018,0.9957124915009469,0.7251264965880884,0.9957124915073623,0.47806592082715643,1.0000000000000056,0.6030950280074764,0.6139519639336569,0.725650429239026,1.0000000000000362,1.0,1.0000000000000333,0.9965962932896649,1.000000000000048,0.9999999999999784,-0.03313900002754814
810nm,0.008721612524357727,0.0026558378997787874,-0.008949693298698463,-0.01294890254198004,-0.013290349572126704,-0.010041688156088167,-0.0005082098685061929,0.008721612740189824,0.00317094347160391,-0.005170534386119752,-0.007821064278213804,-0.009011094281945024,-0.009263448002073339,-0.00926112453727726,-0.01126210554163887,0.04235875393832786,-0.025808760717098055,0.029417581173044348,-0.04299599976413894,-0.011139447234205294,0.11382793131298213,1.0000000000000644,0.9943642654468424,1.0000000000000315,0.9957124916320251,0.7251264806418628,0.9957124916383816,0.4780659075502632,1.000000000000004,0.6030950245387104,0.6139519461761771,0.7256504133467531,1.0000000000000357,1.0000000000000333,1.0,0.9965962934030015,0.9999999999999815,0.9999999999999725,-0.033138998794265455
860nm,0.008938899360877241,0.002886614226550535,-0.008796781293682086,-0.012691945483706966,-0.013120612953794157,-0.010043031409847018,-0.0005099447657476784,0.008938899476459239,0.003400654194175376,-0.0049921865449392075,-0.007614497824922448,-0.008805304699827715,-0.009067127067048214,-0.009064923878928148,-0.011256973547123973,0.04265470845714347,-0.025989226770764245,0.02962130308740863,-0.04309639204969258,-0.011042096346698466,0.11344050569603395,0.9965962935587711,0.9977603491943089,0.9965962932890654,0.9991131798746282,0.7276030821372456,0.9991131798810275,0.479698715347508,0.9965962933255935,0.6051548047641936,0.616048859386695,0.7281288041795978,0.9965962930927531,0.9965962932896649,0.9965962934030015,1.0,0.9965962925910179,0.9965962923747627,-0.03280995823014183
900nm,0.008721615480113765,0.0026558413519776345,-0.00894968932493538,-0.012948898268718166,-0.013290345417688235,-0.010041684657603566,-0.0005082095442311902,0.008721615695945453,0.003170946882880906,-0.005170530562441618,-0.007821060261316206,-0.009011090128625186,-0.009263443815644187,-0.00926112035142105,-0.011262094071484176,0.04235875310601698,-0.025808763112839056,0.02941757869551044,-0.04299599683226371,-0.011139448476030534,0.11382793131251073,0.9999999999999659,0.9943642642610859,0.9999999999999636,0.9957124906268046,0.7251264408543049,0.9957124906332575,0.4780658024139458,0.9999999999999446,0.6030949513832748,0.6139518828650744,0.7256503736636387,0.9999999999999744,1.000000000000048,0.9999999999999815,0.9965962925910179,1.0,0.9999999999999863,-0.03313898798381308
940nm,0.008721615529979607,0.0026558415723679694,-0.008949688847728357,-0.012948897706614806,-0.013290344803519762,-0.010041684121971834,-0.0005082095136300854,0.0087216157458109,0.003170947088889738,-0.005170530167823915,-0.007821059806410555,-0.009011089632734367,-0.009263443308306503,-0.0092611198441054,-0.011262090848013573,0.04235875224037421,-0.025808764089265787,0.029417577225744725,-0.0429959952849418,-0.01113944892534949,0.11382793131241908,0.9999999999999779,0.9943642639583458,0.9999999999999348,0.9957124903727101,0.7251264260944447,0.9957124903791836,0.4780657799238102,0.999999999999904,0.6030949393528776,0.6139518631074394,0.7256503589290066,0.9999999999999349,0.9999999999999784,0.9999999999999725,0.9965962923747627,0.9999999999999863,1.0,-0.03313898562967065
SolarZenithAngle,-0.019250645977280347,-0.013111771499173948,-0.0013154007350102614,-0.007434687593999577,-0.00748413574716277,-0.013829575958498897,-0.00988856319201229,-0.019250645872993882,-0.013636597476211898,-0.005231117983709951,-0.006024802332976611,-0.0064606395033880186,-0.007136878871906921,-0.007163863517741251,0.16384307335979134,0.003307003407711962,-0.24455589476202327,-0.13947893063039157,0.0904636206843635,0.16837070965083398,0.004396713255631894,-0.033139001052294594,-0.032618330408904994,-0.03313899988426234,-0.032730815505618106,-0.050511696096976255,-0.03273080775504612,-0.05798753611270578,-0.033139001727161034,-0.02943645199612995,-0.05905603502367346,-0.050597888682535494,-0.03313899770670779,-0.03313900002754814,-0.033138998794265455,-0.03280995823014183,-0.03313898798381308,-0.03313898562967065,1.0
