,Outdoor PC(0.1),Outdoor PC(0.3),Outdoor PC(0.5),Outdoor PC(1.0),Outdoor PC(2.5),Outdoor PC(5.0),Outdoor PC(10.0),Outdoor PM(0.1),Outdoor PM(0.3),Outdoor PM(0.5),Outdoor PM(1.0),Outdoor PM(2.5),Outdoor PM(5.0),Outdoor PM(10.0),Outdoor Pressure,Outdoor Temperature,Outdoor Humidity,Outdoor Dew Point,Outdoor Wind Direction,Outdoor Wind Speed,410nm,435nm,460nm,485nm,510nm,535nm,560nm,585nm,610nm,645nm,680nm,705nm,730nm,760nm,810nm,860nm,900nm,940nm,SolarZenithAngle
Outdoor PC(0.1),1.0,0.9956562187455177,0.9489369912544376,0.8739077991873503,0.6326905321686728,0.4323848398762791,0.020911740138778435,1.000000000000025,0.9963600641769084,0.970715592952439,0.9495080137413362,0.9196348360136823,0.9050321664668592,0.9046323772991507,-0.20968056860498768,0.1757033740559351,0.2825645045770509,0.32272159414826945,-0.24332022149478905,-0.002326295687999637,0.002871942226089575,0.008815359300122175,0.009060287274334826,0.00881535811571312,0.009096587646977839,0.009232858971697025,0.009096590549325661,0.021339175290547,0.00881535685819726,0.0013168389395049778,0.0029135446610448522,0.009257094641647546,0.0088153586743791,0.008815359282336005,0.00881535946844386,0.009075418391396651,0.00881536238083641,0.008815362424214759,-0.019277587577707374
Outdoor PC(0.3),0.9956562187455177,1.0,0.9687482957402678,0.9032306604646841,0.6761673598117588,0.4750898809024311,0.0352620138734256,0.9956562187699843,0.9999688520051359,0.9855312477624453,0.9693268062161622,0.9442123739197812,0.9311555720343846,0.9307841345748676,-0.20717671855114478,0.15638637045391837,0.2749697099412538,0.2983238039967988,-0.22149614848715957,0.0073712359233013645,0.0019500199161162535,0.0027334492194295446,0.00298271743272523,0.0027334481822657263,0.0030193139750367866,0.001168222624198883,0.0030193172572823153,0.014221630512077369,0.00273344691641947,-0.003162657457917631,-0.004526553518142342,0.0011928708333034765,0.002733448895740054,0.0027334491891896867,0.0027334494896328254,0.003009725784613377,0.0027334528971426505,0.0027334531104118115,-0.013135196270091198
Outdoor PC(0.5),0.9489369912544376,0.9687482957402678,1.0,0.961727911726316,0.7799994114129929,0.5838246504494544,0.06545534989118845,0.9489369913953983,0.9673954083839076,0.9967714672978476,0.9964431488253908,0.9857319764919439,0.9776742566666603,0.9773855168905776,-0.18749154538891458,0.10670681381247485,0.27049837928129594,0.2431990026129202,-0.17366122681420668,0.014655305409775353,-0.00028947696414159186,-0.008900333376115488,-0.008756714254976554,-0.008900334238069029,-0.008723915396668195,-0.013657019443756687,-0.008723911745360307,0.001575156031321934,-0.008900335290930742,-0.010038083799973065,-0.01720729894545303,-0.013634227606347601,-0.00890033323317842,-0.008900333474046826,-0.008900333046420182,-0.008717339454554215,-0.008900329115776068,-0.008900328645834128,-0.0013641674082229928
Outdoor PC(1.0),0.8739077991873503,0.9032306604646841,0.961727911726316,1.0,0.9101872943685388,0.7652183943619335,0.2314853734015556,0.8739077993679873,0.9010493797281052,0.9493274577529734,0.9770233255383416,0.9923869847136372,0.9955450857294598,0.9955928993586198,-0.2143141312104381,0.12525659068584183,0.2291796406444641,0.23839694843544576,-0.15901319441436076,0.044073776235361704,-0.0008345573172422324,-0.012901626530626657,-0.012629661242459763,-0.012901627353894897,-0.012600088361796142,-0.018303327467622987,-0.012600084632195684,-0.005426685750289944,-0.012901628261593112,-0.014385916624180779,-0.020803748006102088,-0.018282414326485783,-0.01290162623891383,-0.012901626624290343,-0.01290162623768055,-0.012593933393057347,-0.012901622007450406,-0.012901621453197764,-0.007489373081255073
Outdoor PC(2.5),0.6326905321686728,0.6761673598117588,0.7799994114129929,0.9101872943685388,1.0,0.9571887439916693,0.4499156904128376,0.632690532392867,0.6727096876633475,0.7515307872588967,0.8129594897062653,0.8689109627800027,0.8897985459901934,0.8903862741089139,-0.19332863122487312,0.11127773732073928,0.12911211420402338,0.16806826394391144,-0.09944826268084858,0.06331028180072204,-0.001161141745817086,-0.013269674264963909,-0.013101858996407903,-0.013269674838882735,-0.013080624614093924,-0.018099230949551792,-0.01308062142828055,-0.01162293302698782,-0.013269675648898093,-0.015174367392966046,-0.01998422685209752,-0.018083800266709228,-0.013269673808851535,-0.013269674251889504,-0.013269673947970401,-0.01306647908340409,-0.013269669827038892,-0.013269669218978822,-0.007497804692049354
Outdoor PC(5.0),0.4323848398762791,0.4750898809024311,0.5838246504494544,0.7652183943619335,0.9571887439916693,1.0,0.6115765959950161,0.4323848401057085,0.47162985480422964,0.5524066963657944,0.6296149863489292,0.7054548193714656,0.7365028578450217,0.7374671130386931,-0.164119091931914,0.09675718409408232,0.05359877672329527,0.11261119774179897,-0.060675428625610886,0.06161048477717764,-0.0010853645728583982,-0.010017291502058805,-0.010038370961255238,-0.010017291894276343,-0.010022397591312748,-0.013850360002656869,-0.010022395205270785,-0.011348905639761207,-0.010017292570782297,-0.012713639163594142,-0.015472923915793376,-0.013838741429847633,-0.010017291091960527,-0.010017291448538336,-0.010017291237155968,-0.010018986892652302,-0.010017287763432787,-0.01001728723208365,-0.013817152392511963
Outdoor PC(10.0),0.020911740138778435,0.0352620138734256,0.06545534989118845,0.2314853734015556,0.4499156904128376,0.6115765959950161,1.0,0.020911740323435842,0.03405740612955412,0.05596692412998533,0.11509473666162258,0.17787437048411922,0.2084065627210443,0.2096740640053478,-0.036243503907480754,0.002270489441740851,-0.03138421683285128,-0.021506243932619636,0.015396088551024801,0.012824170842378498,-5.795768740583747e-05,-0.0005094308483755666,-0.0005127256692189026,-0.0005094308493656099,-0.0005120331238178472,-0.0007020724246718321,-0.0005120331200196712,-0.0010665138719263998,-0.0005094309526605843,-0.0008462458148683712,-0.0008290859143774127,-0.0007015652622852428,-0.000509430801982854,-0.000509430820824764,-0.0005094307822397975,-0.0005115155784992727,-0.000509430457739976,-0.0005094304271580298,-0.009891686141151091
Outdoor PM(0.1),1.000000000000025,0.9956562187699843,0.9489369913953983,0.8739077993679873,0.632690532392867,0.4323848401057085,0.020911740323435842,1.0,0.9963600641992437,0.9707155930567862,0.9495080138723133,0.9196348361649228,0.9050321666261845,0.9046323774585092,-0.2096805681151845,0.17570337359856264,0.28256450474806843,0.3227215937687626,-0.24332022099506254,-0.0023262956243458835,0.002871942185003725,0.008815359522248097,0.009060287367939722,0.008815358337838537,0.009096587748744904,0.009232858814172535,0.009096590651092208,0.021339175042412416,0.00881535708032346,0.0013168388688589556,0.0029135447950752614,0.009257094489883756,0.00881535889650437,0.008815359504461526,0.008815359690569536,0.009075418493329166,0.00881536260296138,0.008815362646339905,-0.019277587470621114
Outdoor PM(0.3),0.9963600641769084,0.9999688520051359,0.9673954083839076,0.9010493797281052,0.6727096876633475,0.47162985480422964,0.03405740612955412,0.9963600641992437,1.0,0.9846075062905657,0.967973479167311,0.9424471753768956,0.9292549267975342,0.9288809607172229,-0.20745880850547296,0.15807661660408778,0.2757062190380218,0.3004926003899436,-0.223420869448629,0.006551645939556048,0.0020288309353782446,0.003249942576829681,0.0034989270544531956,0.0032499415268341506,0.003535510800420113,0.0018522675959566283,0.003535514051567424,0.014829790542192094,0.003249940261267562,-0.002783988641362305,-0.0038973712479582136,0.0018768891236370972,0.0032499422274255996,0.003249942547635493,0.0032499428384873907,0.0035249376961996176,0.0032499462051738775,0.003249946404112929,-0.013660323243176004
Outdoor PM(0.5),0.970715592952439,0.9855312477624453,0.9967714672978476,0.9493274577529734,0.7515307872588967,0.5524066963657944,0.05596692412998533,0.9707155930567862,0.9846075062905657,1.0,0.9945001727216883,0.9790162311142822,0.9692735105641477,0.9689557003998363,-0.19515411678728956,0.12375031239555809,0.27407195623098296,0.26309057883251885,-0.19067016804818362,0.012190476318270298,0.00044340675286145604,-0.005111759319309992,-0.0049337164770779825,-0.005111760247001846,-0.004899484674395205,-0.008837392104461649,-0.004899481123992478,0.005788286669044763,-0.005111761374778134,-0.007809765096785404,-0.013110138578628354,-0.008813858264681887,-0.0051117593314370146,-0.0051117593961463705,-0.0051117590088402345,-0.00489829858879136,-0.005111755229042249,-0.005111754841672444,-0.005271944769765867
Outdoor PM(1.0),0.9495080137413362,0.9693268062161622,0.9964431488253908,0.9770233255383416,0.8129594897062653,0.6296149863489292,0.11509473666162258,0.9495080138723133,0.967973479167311,0.9945001727216883,1.0,0.9946195396822133,0.9890650101044154,0.9888654232813174,-0.20376120527032324,0.12566139667152154,0.26223255609313717,0.25785728599485774,-0.1822917974318069,0.02295415778550022,2.2575912245453168e-05,-0.007765897277723233,-0.007554527671442292,-0.007765898181180032,-0.007521458615454383,-0.012092486498707977,-0.007521454964908636,0.0021168688417453705,-0.007765899248459086,-0.010090153889350384,-0.015823264155903242,-0.01206955799550676,-0.0077658971887361655,-0.007765897361042543,-0.007765896969558523,-0.007518603064964178,-0.007765892996617072,-0.0077658925492233135,-0.006070962861116717
Outdoor PM(2.5),0.9196348360136823,0.9442123739197812,0.9857319764919439,0.9923869847136372,0.8689109627800027,0.7054548193714656,0.17787437048411922,0.9196348361649228,0.9424471753768956,0.9790162311142822,0.9946195396822133,1.0,0.9989947970050254,0.9989297145457818,-0.20758819617282134,0.12662180759919103,0.245868117207708,0.24909289334594525,-0.17265880864402214,0.030767364924151015,-0.00018706245082716978,-0.00896159394610372,-0.008752041841344508,-0.008961594816310387,-0.008720157833167206,-0.013497783125290442,-0.008720154163350199,-0.0002667285958244626,-0.008961595867742459,-0.011274504649954385,-0.0170032046300451,-0.013475550084129899,-0.008961593789488959,-0.008961594014706042,-0.008961593627856009,-0.008715220956891038,-0.008961589517602578,-0.008961589029138269,-0.006502871676520197
Outdoor PM(5.0),0.9050321664668592,0.9311555720343846,0.9776742566666603,0.9955450857294598,0.8897985459901934,0.7365028578450217,0.2084065627210443,0.9050321666261845,0.9292549267975342,0.9692735105641477,0.9890650101044154,0.9989947970050254,1.0,0.9999987712001551,-0.20865323587900325,0.1272433486725076,0.23817276755909575,0.24521020073087899,-0.168891331260089,0.03328658573192138,-0.00025000764828664524,-0.00921518173391923,-0.009016480226331112,-0.009215182590706254,-0.008985061357920883,-0.013789750071895828,-0.008985057704066294,-0.00098075383187528,-0.009215183636282175,-0.011574905757326254,-0.0172152078454422,-0.013767806115939892,-0.009215181558775185,-0.009215181796353694,-0.009215181413984176,-0.0089801620089216,-0.009215177270100941,-0.009215176770099613,-0.0071777787368993845
Outdoor PM(10.0),0.9046323772991507,0.9307841345748676,0.9773855168905776,0.9955928993586198,0.8903862741089139,0.7374671130386931,0.2096740640053478,0.9046323774585092,0.9288809607172229,0.9689557003998363,0.9888654232813174,0.9989297145457818,0.9999987712001551,1.0,-0.20865509670139715,0.12719750701736643,0.23794197956991447,0.24502583388110535,-0.16876278413083406,0.033311632933929844,-0.0002501955119336307,-0.00921286857474645,-0.009014298026003332,-0.009212869431075098,-0.00898289297442864,-0.013785946518014033,-0.008982889322221375,-0.0009861823279466691,-0.009212870476591764,-0.011573156319124351,-0.017210190399064403,-0.013764012078846323,-0.00921286839945126,-0.009212868637004695,-0.009212868254730902,-0.00897799345442692,-0.009212864111406779,-0.009212863611424517,-0.007204756448569273
Outdoor Pressure,-0.20968056860498768,-0.20717671855114478,-0.18749154538891458,-0.2143141312104381,-0.19332863122487312,-0.164119091931914,-0.036243503907480754,-0.2096805681151845,-0.20745880850547296,-0.19515411678728956,-0.20376120527032324,-0.20758819617282134,-0.20865323587900325,-0.20865509670139715,1.0,-0.4726238101952137,-0.23722647798089838,-0.587756757644468,0.29558947247427486,-0.16839559257616918,-0.0001404355032198379,-0.011263277585734737,-0.011324100522183574,-0.011263277534534686,-0.011268008297832133,-0.016322873845286825,-0.011268000820213467,-0.06107218043258293,-0.011263282585998739,-0.04876141659704376,-0.02260076721029802,-0.016282438536901214,-0.01126327699939475,-0.01126327858651589,-0.01126327725040549,-0.011257246127567816,-0.01126326578689493,-0.011263262567043233,0.16366810230268464
Outdoor Temperature,0.1757033740559351,0.15638637045391837,0.10670681381247485,0.12525659068584183,0.11127773732073928,0.09675718409408232,0.002270489441740851,0.17570337359856264,0.15807661660408778,0.12375031239555809,0.12566139667152154,0.12662180759919103,0.1272433486725076,0.12719750701736643,-0.4726238101952137,1.0,-0.2729152419420048,0.8671583033209862,-0.5099817216717107,0.02350270517753483,0.007732636042417363,0.042366785028945766,0.04285923881159884,0.04236678378406402,0.04281776454086388,0.05421382357192107,0.042817763408258123,0.05486013952390362,0.04236678332358931,0.03973043100122968,0.053932652675063454,0.0541802194551212,0.04236678318682688,0.0423667855542736,0.042366784811525116,0.04272161046116948,0.04236678398163188,0.042366783119587824,0.003915680919939654
Outdoor Humidity,0.2825645045770509,0.2749697099412538,0.27049837928129594,0.2291796406444641,0.12911211420402338,0.05359877672329527,-0.03138421683285128,0.28256450474806843,0.2757062190380218,0.27407195623098296,0.26223255609313717,0.245868117207708,0.23817276755909575,0.23794197956991447,-0.23722647798089838,-0.2729152419420048,1.0,0.23436590390900947,-0.06578323099532679,-0.04683891882953895,-0.005624199520950046,-0.025777744780705023,-0.026069508526066813,-0.025777744078743683,-0.026051228694981558,-0.023969715299909433,-0.026051228196578208,-0.00868923267996385,-0.025777741126646346,-0.00944400806522503,-0.025702515562502738,-0.02394788433306955,-0.02577774377488716,-0.025777743491617246,-0.025777744375734466,-0.025994276462565715,-0.0257777467924171,-0.025777747772527303,-0.2452791041080645
Outdoor Dew Point,0.32272159414826945,0.2983238039967988,0.2431990026129202,0.23839694843544576,0.16806826394391144,0.11261119774179897,-0.021506243932619636,0.3227215937687626,0.3004926003899436,0.26309057883251885,0.25785728599485774,0.24909289334594525,0.24521020073087899,0.24502583388110535,-0.587756757644468,0.8671583033209862,0.23436590390900947,1.0,-0.5514966650933698,-0.0027328740663205334,0.004603323942941558,0.029453083307161402,0.029802740867876185,0.029453082308435644,0.029762951881122202,0.04368753048046367,0.029762950679572422,0.05464602889234551,0.02945308334266193,0.037684267412329484,0.043007409166778456,0.043660462659810384,0.029453081754885795,0.029453084384546878,0.029453083159107857,0.029697229046733564,0.029453080673170897,0.029453079205090937,-0.1392897512612621
Outdoor Wind Direction,-0.24332022149478905,-0.22149614848715957,-0.17366122681420668,-0.15901319441436076,-0.09944826268084858,-0.060675428625610886,0.015396088551024801,-0.24332022099506254,-0.223420869448629,-0.19067016804818362,-0.1822917974318069,-0.17265880864402214,-0.168891331260089,-0.16876278413083406,0.29558947247427486,-0.5099817216717107,-0.06578323099532679,-0.5514966650933698,1.0,-0.09107010515976757,-0.003422012574346253,-0.04293856116029252,-0.04315177345443902,-0.0429385587328159,-0.04310619740010045,-0.0580026795266864,-0.04310619675793324,-0.06066135204132661,-0.0429385589823383,-0.04095685708077054,-0.06572559301036496,-0.05796851131068488,-0.0429385585098917,-0.04293856092377256,-0.042938560393493565,-0.043059330253527074,-0.04293855742330203,-0.0429385558724713,0.09039624115257616
Outdoor Wind Speed,-0.002326295687999637,0.0073712359233013645,0.014655305409775353,0.044073776235361704,0.06331028180072204,0.06161048477717764,0.012824170842378498,-0.0023262956243458835,0.006551645939556048,0.012190476318270298,0.02295415778550022,0.030767364924151015,0.03328658573192138,0.033311632933929844,-0.16839559257616918,0.02350270517753483,-0.04683891882953895,-0.0027328740663205334,-0.09107010515976757,1.0,-0.0036473406705223063,-0.011143876955326927,-0.010939554105494884,-0.011143876554762892,-0.011061605122684517,-0.018637244605327785,-0.011061604619051342,0.016388942374111048,-0.01114387473619462,0.014359539839514953,-0.01960174363570289,-0.01872905995602425,-0.011143876156678246,-0.01114387623346288,-0.011143876408054048,-0.011027111432175224,-0.011143877622698141,-0.011143878067576666,0.16863192218964898
410nm,0.002871942226089575,0.0019500199161162535,-0.00028947696414159186,-0.0008345573172422324,-0.001161141745817086,-0.0010853645728583982,-5.795768740583747e-05,0.002871942185003725,0.0020288309353782446,0.00044340675286145604,2.2575912245453168e-05,-0.00018706245082716978,-0.00025000764828664524,-0.0002501955119336307,-0.0001404355032198379,0.007732636042417363,-0.005624199520950046,0.004603323942941558,-0.003422012574346253,-0.0036473406705223063,1.0,0.11378902842694442,0.11307177364673017,0.11378902842694914,0.11322477060893078,0.08257001610068873,0.1132247706093053,0.05444557924390189,0.11378902842706741,0.06865009079229827,0.06992207529397912,0.08262971665021629,0.11378902842688489,0.11378902842692443,0.11378902842689022,0.11332506328307806,0.11378902842641091,0.1137890284263288,0.004386501858217689
435nm,0.008815359300122175,0.0027334492194295446,-0.008900333376115488,-0.012901626530626657,-0.013269674264963909,-0.010017291502058805,-0.0005094308483755666,0.008815359522248097,0.003249942576829681,-0.005111759319309992,-0.007765897277723233,-0.00896159394610372,-0.00921518173391923,-0.00921286857474645,-0.011263277585734737,0.042366785028945766,-0.025777744780705023,0.029453083307161402,-0.04293856116029252,-0.011143876955326927,0.11378902842694442,1.0,0.9936964544434522,0.9999999999999762,0.9950410502772531,0.7256363949295652,0.9950410502836425,0.4784647873586315,0.9999999999999848,0.6033012708244293,0.6144807125174824,0.7261610727132981,1.0000000000000064,1.0000000000000522,1.0000000000000346,0.9959224662637632,0.9999999999999641,0.9999999999999898,-0.0331257255742219
460nm,0.009060287274334826,0.00298271743272523,-0.008756714254976554,-0.012629661242459763,-0.013101858996407903,-0.010038370961255238,-0.0005127256692189026,0.009060287367939722,0.0034989270544531956,-0.0049337164770779825,-0.007554527671442292,-0.008752041841344508,-0.009016480226331112,-0.009014298026003332,-0.011324100522183574,0.04285923881159884,-0.026069508526066813,0.029802740867876185,-0.04315177345443902,-0.010939554105494884,0.11307177364673017,0.9936964544434522,1.0,0.9936964540683462,0.9986487025840641,0.730331593511573,0.9986487024279418,0.4815607081472335,0.9936964541099356,0.6071281271194883,0.6184567256270632,0.7288830418814417,0.9936964537119517,0.993696454077355,0.9936964541412312,0.9977648745292,0.9936964527951797,0.9936964524498426,-0.03254004602381369
485nm,0.00881535811571312,0.0027334481822657263,-0.008900334238069029,-0.012901627353894897,-0.013269674838882735,-0.010017291894276343,-0.0005094308493656099,0.008815358337838537,0.0032499415268341506,-0.005111760247001846,-0.007765898181180032,-0.008961594816310387,-0.009215182590706254,-0.009212869431075098,-0.011263277534534686,0.04236678378406402,-0.025777744078743683,0.029453082308435644,-0.0429385587328159,-0.011143876554762892,0.11378902842694914,0.9999999999999762,0.9936964540683462,1.0,0.9950410499442144,0.7256363748272144,0.9950410499505989,0.478464781851401,1.000000000000039,0.6033012812535223,0.6144806893050542,0.7261610526276577,1.0000000000000386,1.00000000000004,1.0000000000000577,0.9959224659405181,0.9999999999999915,1.0000000000000149,-0.0331257244071008
510nm,0.009096587646977839,0.0030193139750367866,-0.008723915396668195,-0.012600088361796142,-0.013080624614093924,-0.010022397591312748,-0.0005120331238178472,0.009096587748744904,0.003535510800420113,-0.004899484674395205,-0.007521458615454383,-0.008720157833167206,-0.008985061357920883,-0.00898289297442864,-0.011268008297832133,0.04281776454086388,-0.026051228694981558,0.029762951881122202,-0.04310619740010045,-0.011061605122684517,0.11322477060893078,0.9950410502772531,0.9986487025840641,0.9950410499442144,1.0,0.7293448918272601,1.000000000000002,0.480910078232372,0.9950410499774329,0.6063077001042109,0.6176211307450057,0.729872251064855,0.9950410496148863,0.9950410498998531,0.9950410500533212,0.9991149753794868,0.9950410488874976,0.9950410485906405,-0.03265327982546639
535nm,0.009232858971697025,0.001168222624198883,-0.013657019443756687,-0.018303327467622987,-0.018099230949551792,-0.013850360002656869,-0.0007020724246718321,0.009232858814172535,0.0018522675959566283,-0.008837392104461649,-0.012092486498707977,-0.013497783125290442,-0.013789750071895828,-0.013785946518014033,-0.016322873845286825,0.05421382357192107,-0.023969715299909433,0.04368753048046367,-0.0580026795266864,-0.018637244605327785,0.08257001610068873,0.7256363949295652,0.730331593511573,0.7256363748272144,0.7293448918272601,1.0,0.7293448593317035,0.6593724715846608,0.7256363760343315,0.44225040448732633,0.8468162173191469,0.9992774631997655,0.7256363628129255,0.7256363984031837,0.7256363825345079,0.7286073577345528,0.7256363427768667,0.7256363280411479,-0.05053287046741085
560nm,0.009096590549325661,0.0030193172572823153,-0.008723911745360307,-0.012600084632195684,-0.01308062142828055,-0.010022395205270785,-0.0005120331200196712,0.009096590651092208,0.003535514051567424,-0.004899481123992478,-0.007521454964908636,-0.008720154163350199,-0.008985057704066294,-0.008982889322221375,-0.011268000820213467,0.042817763408258123,-0.026051228196578208,0.029762950679572422,-0.04310619675793324,-0.011061604619051342,0.1132247706093053,0.9950410502836425,0.9986487024279418,0.9950410499505989,1.000000000000002,0.7293448593317035,1.0,0.4809100065708788,0.9950410499838624,0.6063076584372737,0.6176210793920527,0.7298722186602528,0.9950410496213273,0.995041049906203,0.9950410500596797,0.9991149753859115,0.9950410488938727,0.9950410485970399,-0.03265327208517819
585nm,0.021339175290547,0.014221630512077369,0.001575156031321934,-0.005426685750289944,-0.01162293302698782,-0.011348905639761207,-0.0010665138719263998,0.021339175042412416,0.014829790542192094,0.005788286669044763,0.0021168688417453705,-0.0002667285958244626,-0.00098075383187528,-0.0009861823279466691,-0.06107218043258293,0.05486013952390362,-0.00868923267996385,0.05464602889234551,-0.06066135204132661,0.016388942374111048,0.05444557924390189,0.4784647873586315,0.4815607081472335,0.478464781851401,0.480910078232372,0.6593724715846608,0.4809100065708788,1.0,0.47846480454755264,0.793109968430593,0.5574362038995141,0.6588960005819715,0.4784647607755209,0.47846478771965717,0.47846477448634833,0.48042377306674444,0.47846466949847877,0.47846464705001446,-0.057949611639971005
610nm,0.00881535685819726,0.00273344691641947,-0.008900335290930742,-0.012901628261593112,-0.013269675648898093,-0.010017292570782297,-0.0005094309526605843,0.00881535708032346,0.003249940261267562,-0.005111761374778134,-0.007765899248459086,-0.008961595867742459,-0.009215183636282175,-0.009212870476591764,-0.011263282585998739,0.04236678332358931,-0.025777741126646346,0.02945308334266193,-0.0429385589823383,-0.01114387473619462,0.11378902842706741,0.9999999999999848,0.9936964541099356,1.000000000000039,0.9950410499774329,0.7256363760343315,0.9950410499838624,0.47846480454755264,1.0,0.6033013068468441,0.6144807000886586,0.7261610538294839,1.0000000000000104,1.0000000000000195,0.9999999999999604,0.9959224659842878,0.9999999999999659,1.0000000000000118,-0.03312572624147416
645nm,0.0013168389395049778,-0.003162657457917631,-0.010038083799973065,-0.014385916624180779,-0.015174367392966046,-0.012713639163594142,-0.0008462458148683712,0.0013168388688589556,-0.002783988641362305,-0.007809765096785404,-0.010090153889350384,-0.011274504649954385,-0.011574905757326254,-0.011573156319124351,-0.04876141659704376,0.03973043100122968,-0.00944400806522503,0.037684267412329484,-0.04095685708077054,0.014359539839514953,0.06865009079229827,0.6033012708244293,0.6071281271194883,0.6033012812535223,0.6063077001042109,0.44225040448732633,0.6063076584372737,0.793109968430593,0.6033013068468441,1.0,0.3736783598650672,0.44137007956799595,0.6033012714957081,0.6033012734853374,0.6033012700306195,0.6057713342844632,0.6033011969165559,0.6033011848817899,-0.029310041269925598
680nm,0.0029135446610448522,-0.004526553518142342,-0.01720729894545303,-0.020803748006102088,-0.01998422685209752,-0.015472923915793376,-0.0008290859143774127,0.0029135447950752614,-0.0038973712479582136,-0.013110138578628354,-0.015823264155903242,-0.0170032046300451,-0.0172152078454422,-0.017210190399064403,-0.02260076721029802,0.053932652675063454,-0.025702515562502738,0.043007409166778456,-0.06572559301036496,-0.01960174363570289,0.06992207529397912,0.6144807125174824,0.6184567256270632,0.6144806893050542,0.6176211307450057,0.8468162173191469,0.6176210793920527,0.5574362038995141,0.6144807000886586,0.3736783598650672,1.0,0.8462043380194411,0.6144806825665733,0.6144807177675505,0.6144807000806852,0.6169965882325423,0.6144806368382216,0.6144806171109577,-0.059079667824742825
705nm,0.009257094641647546,0.0011928708333034765,-0.013634227606347601,-0.018282414326485783,-0.018083800266709228,-0.013838741429847633,-0.0007015652622852428,0.009257094489883756,0.0018768891236370972,-0.008813858264681887,-0.01206955799550676,-0.013475550084129899,-0.013767806115939892,-0.013764012078846323,-0.016282438536901214,0.0541802194551212,-0.02394788433306955,0.043660462659810384,-0.05796851131068488,-0.01872905995602425,0.08262971665021629,0.7261610727132981,0.7288830418814417,0.7261610526276577,0.729872251064855,0.9992774631997655,0.7298722186602528,0.6588960005819715,0.7261610538294839,0.44137007956799595,0.8462043380194411,1.0,0.7261610406248195,0.7261610761814365,0.726161060366823,0.7291341836508834,0.7261610207137161,0.7261610060031545,-0.050619862797136116
730nm,0.0088153586743791,0.002733448895740054,-0.00890033323317842,-0.01290162623891383,-0.013269673808851535,-0.010017291091960527,-0.000509430801982854,0.00881535889650437,0.0032499422274255996,-0.0051117593314370146,-0.0077658971887361655,-0.008961593789488959,-0.009215181558775185,-0.00921286839945126,-0.01126327699939475,0.04236678318682688,-0.02577774377488716,0.029453081754885795,-0.0429385585098917,-0.011143876156678246,0.11378902842688489,1.0000000000000064,0.9936964537119517,1.0000000000000386,0.9950410496148863,0.7256363628129255,0.9950410496213273,0.4784647607755209,1.0000000000000104,0.6033012714957081,0.6144806825665733,0.7261610406248195,1.0,0.9999999999999593,0.9999999999999277,0.9959224657052654,1.0000000000000098,1.0000000000000395,-0.03312572222581834
760nm,0.008815359282336005,0.0027334491891896867,-0.008900333474046826,-0.012901626624290343,-0.013269674251889504,-0.010017291448538336,-0.000509430820824764,0.008815359504461526,0.003249942547635493,-0.0051117593961463705,-0.007765897361042543,-0.008961594014706042,-0.009215181796353694,-0.009212868637004695,-0.01126327858651589,0.0423667855542736,-0.025777743491617246,0.029453084384546878,-0.04293856092377256,-0.01114387623346288,0.11378902842692443,1.0000000000000522,0.993696454077355,1.00000000000004,0.9950410498998531,0.7256363984031837,0.995041049906203,0.47846478771965717,1.0000000000000195,0.6033012734853374,0.6144807177675505,0.7261610761814365,0.9999999999999593,1.0,1.00000000000004,0.9959224659412425,1.0000000000000009,1.0000000000000122,-0.03312572454984565
810nm,0.00881535946844386,0.0027334494896328254,-0.008900333046420182,-0.01290162623768055,-0.013269673947970401,-0.010017291237155968,-0.0005094307822397975,0.008815359690569536,0.0032499428384873907,-0.0051117590088402345,-0.007765896969558523,-0.008961593627856009,-0.009215181413984176,-0.009212868254730902,-0.01126327725040549,0.042366784811525116,-0.025777744375734466,0.029453083159107857,-0.042938560393493565,-0.011143876408054048,0.11378902842689022,1.0000000000000346,0.9936964541412312,1.0000000000000577,0.9950410500533212,0.7256363825345079,0.9950410500596797,0.47846477448634833,0.9999999999999604,0.6033012700306195,0.6144807000806852,0.726161060366823,0.9999999999999277,1.00000000000004,1.0,0.995922466077081,0.9999999999999784,1.0000000000000056,-0.03312572331724004
860nm,0.009075418391396651,0.003009725784613377,-0.008717339454554215,-0.012593933393057347,-0.01306647908340409,-0.010018986892652302,-0.0005115155784992727,0.009075418493329166,0.0035249376961996176,-0.00489829858879136,-0.007518603064964178,-0.008715220956891038,-0.0089801620089216,-0.00897799345442692,-0.011257246127567816,0.04272161046116948,-0.025994276462565715,0.029697229046733564,-0.043059330253527074,-0.011027111432175224,0.11332506328307806,0.9959224662637632,0.9977648745292,0.9959224659405181,0.9991149753794868,0.7286073577345528,0.9991149753859115,0.48042377306674444,0.9959224659842878,0.6057713342844632,0.6169965882325423,0.7291341836508834,0.9959224657052654,0.9959224659412425,0.995922466077081,1.0,0.9959224651040351,0.9959224648449497,-0.03273209679296019
900nm,0.00881536238083641,0.0027334528971426505,-0.008900329115776068,-0.012901622007450406,-0.013269669827038892,-0.010017287763432787,-0.000509430457739976,0.00881536260296138,0.0032499462051738775,-0.005111755229042249,-0.007765892996617072,-0.008961589517602578,-0.009215177270100941,-0.009212864111406779,-0.01126326578689493,0.04236678398163188,-0.0257777467924171,0.029453080673170897,-0.04293855742330203,-0.011143877622698141,0.11378902842641091,0.9999999999999641,0.9936964527951797,0.9999999999999915,0.9950410488874976,0.7256363427768667,0.9950410488938727,0.47846466949847877,0.9999999999999659,0.6033011969165559,0.6144806368382216,0.7261610207137161,1.0000000000000098,1.0000000000000009,0.9999999999999784,0.9959224651040351,1.0,1.0000000000000562,-0.03312571252049971
940nm,0.008815362424214759,0.0027334531104118115,-0.008900328645834128,-0.012901621453197764,-0.013269669218978822,-0.01001728723208365,-0.0005094304271580298,0.008815362646339905,0.003249946404112929,-0.005111754841672444,-0.0077658925492233135,-0.008961589029138269,-0.009215176770099613,-0.009212863611424517,-0.011263262567043233,0.042366783119587824,-0.025777747772527303,0.029453079205090937,-0.0429385558724713,-0.011143878067576666,0.1137890284263288,0.9999999999999898,0.9936964524498426,1.0000000000000149,0.9950410485906405,0.7256363280411479,0.9950410485970399,0.47846464705001446,1.0000000000000118,0.6033011848817899,0.6144806171109577,0.7261610060031545,1.0000000000000395,1.0000000000000122,1.0000000000000056,0.9959224648449497,1.0000000000000562,1.0,-0.03312571016849298
SolarZenithAngle,-0.019277587577707374,-0.013135196270091198,-0.0013641674082229928,-0.007489373081255073,-0.007497804692049354,-0.013817152392511963,-0.009891686141151091,-0.019277587470621114,-0.013660323243176004,-0.005271944769765867,-0.006070962861116717,-0.006502871676520197,-0.0071777787368993845,-0.007204756448569273,0.16366810230268464,0.003915680919939654,-0.2452791041080645,-0.1392897512612621,0.09039624115257616,0.16863192218964898,0.004386501858217689,-0.0331257255742219,-0.03254004602381369,-0.0331257244071008,-0.03265327982546639,-0.05053287046741085,-0.03265327208517819,-0.057949611639971005,-0.03312572624147416,-0.029310041269925598,-0.059079667824742825,-0.050619862797136116,-0.03312572222581834,-0.03312572454984565,-0.03312572331724004,-0.03273209679296019,-0.03312571252049971,-0.03312571016849298,1.0
